Claudio Savelli & Mattia Sabato |
--------------------------------+

N       DENSITY     BASELINE                                    STEEPEST_ASCENT                                 OUR (euclidean)                             OUR (cosine)                                OUR (manhattan)                             OUR (manhattan + pruning)                      
n       d           (#call, (#sets, cost), #steps, #msteps)     (#c = inf, (#sets, cost), #steps, #msteps)      (#call, (#sets, cost), #steps, #msteps)     (#call, (#sets, cost), #steps, #msteps)     (#call, (#sets, cost), #steps, #msteps)     (#call, (#sets, cost), #steps, #msteps, ratio)     
100     0.3         (1150, (100, -9), 15, 1000)                 (inf, (100, -6), 5, inf)                        (200, (100, -6), 5, 50)                     (180, (100, -6), 6, 50)                     (170, (100, -6), 6, 40)                     (110, (100, -6), 6, 40, 0.50)                     
1000    0.3         (2470, (1000, -14), 20, 2000)               (inf, (1000, -12), 31, inf)                     (443, (1000, -13), 12, 50)                  (380, (1000, -12), 12, 50)                  (246, (1000, -11), 11, 50)                  (205, (1000, -12), 12, 50, 0.75)
5000    0.3         (6500, (5000, -18), 25, 4000)               (inf, (5000, -13), 102, inf)                    (910, (5000, -16), 15, 100)                 (448, (5000, -15), 15, 100)                 (336, (5000, -16), 16, 50)                  (278, (5000, -16), 16, 60, 0.75)                  

100     0.7         (150, (100, -3), 6, 100)                    (inf, (100, -3), 3, inf)                        (36, (100, -3), 3, 15)                      (20, (100, -3), 3, 10)                      (16, (100, -3), 3, 5)                       (13, (100, -3), 3, 5, 0.75)
1000    0.7         (400, (1000, -5), 6, 350)                   (inf, (1000, -4), 4, inf)                       (111, (1000, -4), 4, 50)                    (66, (1000, -5), 5, 20)                     (75, (1000, -4), 4, 40)                     (22, (1000, -5), 5, 5, 0.25)
5000    0.7         (1010, (5000, -7), 7, 1000)                 (inf, (5000, -5), 5, inf)                       (125, (5000, -6), 8, 50)                    (64, (5000, -6), 6, 20)                     (68, (5000, -6), 6, 40)                     (26, (5000, -6), 6, 5, 0.50)



N       DENSITY     THRESHOLD (euclidean)   THRESHOLD (cosine)   THRESHOLD (manhattan/pruned)
100     0.3          6.50                   0.72                   43/43
1000    0.3         21.45                   0.76                  466/466
5000    0.3         47.00                   0.74                 2230/2229

100     0.7          7.10                   0.42                   53/53                                
1000    0.7         21.60                   0.347                 465/465
5000    0.7         47.30                   0.327                2255/2255